# WARNING: this file is not sorted!
# db	id                         alt	 E-value	adj_p-value	log_adj_p-value	bin_location	bin_width	total_width	sites_in_bin	total_sites	p_success	 p-value	mult_tests
   1	FILTER_LEN10_0  FILTER_LEN10_0	7.4e-207	   4.9e-210	        -481.94	         0.0	      682	       3992	       12025	      53869	  0.17084	2.5e-213	      1995
   1	FILTER_LEN10_3  FILTER_LEN10_3	5.1e-461	   3.4e-464	       -1067.18	         0.0	     1512	       3992	       25680	      53866	  0.37876	1.7e-467	      1995
   1	FILTER_LEN10_5  FILTER_LEN10_5	7.3e-010	   4.9e-013	         -28.35	         0.0	     1896	       3992	       26527	      53871	  0.47495	2.5e-016	      1995
   1	FILTER_LEN10_13 FILTER_LEN10_13	1.2e-011	   7.8e-015	         -32.48	         0.0	     1972	       3992	       27611	      53873	  0.49399	3.9e-018	      1995
   1	FILTER_LEN10_14 FILTER_LEN10_14	2.2e-3052	   1.5e-3055	       -7034.00	         0.0	      998	       3992	       26247	      53801	  0.25000	7.4e-3059	      1995
   1	FILTER_LEN10_29 FILTER_LEN10_29	7.6e-030	   5.1e-033	         -74.36	         0.0	      406	       3992	        6378	      53861	  0.10170	2.6e-036	      1995
   1	FILTER_LEN10_33 FILTER_LEN10_33	1.5e-030	   9.8e-034	         -76.01	         0.0	     2042	       3992	       29025	      53871	  0.51152	4.9e-037	      1995
   1	FILTER_LEN10_34 FILTER_LEN10_34	1.7e-368	   1.1e-371	        -854.16	         0.0	      782	       3992	       14528	      53873	  0.19589	5.5e-375	      1995
   1	FILTER_LEN10_45 FILTER_LEN10_45	1.6e-701	   1.1e-704	       -1620.96	         0.0	     1220	       3992	       22734	      53870	  0.30561	5.3e-708	      1995
   1	FILTER_LEN10_62 FILTER_LEN10_62	1.2e-194	   8.3e-198	        -453.80	         0.0	     1602	       3992	       25084	      53872	  0.40130	4.1e-201	      1995
   1	FILTER_LEN10_63 FILTER_LEN10_63	5.7e-1048	   3.8e-1051	       -2418.68	         0.0	     1404	       3992	       26840	      53873	  0.35170	1.9e-1054	      1995
   1	FILTER_LEN10_72 FILTER_LEN10_72	4.4e-011	   3.0e-014	         -31.15	         0.0	      336	       3992	        5089	      53872	  0.08417	1.5e-017	      1995
   1	FILTER_LEN10_73 FILTER_LEN10_73	1.7e-1637	   1.1e-1640	       -3776.12	         0.0	     1208	       3992	       25947	      53859	  0.30261	5.7e-1644	      1995
   1	FILTER_LEN10_76 FILTER_LEN10_76	1.2e-693	   8.1e-697	       -1602.81	         0.0	     1406	       3992	       25382	      53872	  0.35220	4.1e-700	      1995
   1	FILTER_LEN10_77 FILTER_LEN10_77	1.1e-006	   7.3e-010	         -21.04	         0.0	      754	       3992	       10821	      53810	  0.18888	3.7e-013	      1995
   1	FILTER_LEN10_84 FILTER_LEN10_84	2.1e-095	   1.4e-098	        -225.32	         0.0	     1362	       3992	       20758	      53872	  0.34118	7.0e-102	      1995
   1	FILTER_LEN10_89 FILTER_LEN10_89	3.5e-252	   2.4e-255	        -586.30	         0.0	     1072	       3992	       18083	      53873	  0.26854	1.2e-258	      1995
   1	FILTER_LEN10_100 FILTER_LEN10_100	1.7e-117	   1.1e-120	        -276.18	         0.0	     1670	       3992	       25257	      53870	  0.41834	5.7e-124	      1995
   1	FILTER_LEN10_101 FILTER_LEN10_101	4.4e-088	   2.9e-091	        -208.46	         0.0	     1630	       3992	       24359	      53873	  0.40832	1.5e-094	      1995
   1	FILTER_LEN10_107 FILTER_LEN10_107	1.5e-064	   1.0e-067	        -154.24	         0.0	      726	       3992	       11422	      53872	  0.18186	5.2e-071	      1995
   1	FILTER_LEN10_117 FILTER_LEN10_117	2.4e-628	   1.6e-631	       -1452.45	         0.0	     1586	       3992	       27603	      53873	  0.39729	8.1e-635	      1995
   1	FILTER_LEN10_143 FILTER_LEN10_143	4.2e-612	   2.8e-615	       -1415.07	         0.0	     1326	       3992	       23848	      53873	  0.33216	1.4e-618	      1995
   1	FILTER_LEN10_146 FILTER_LEN10_146	1.4e-814	   9.2e-818	       -1881.30	         0.0	     1038	       3992	       20517	      53870	  0.26002	4.6e-821	      1995
   1	FILTER_LEN10_147 FILTER_LEN10_147	6.2e-094	   4.2e-097	        -221.92	         0.0	     1272	       3992	       19488	      53870	  0.31864	2.1e-100	      1995
   1	FILTER_LEN10_161 FILTER_LEN10_161	6.6e-037	   4.4e-040	         -90.62	         0.0	     1194	       3992	       17588	      53873	  0.29910	2.2e-043	      1995
   1	FILTER_LEN10_184 FILTER_LEN10_184	2.6e-653	   1.8e-656	       -1509.94	         0.0	     1410	       3992	       25248	      53871	  0.35321	8.8e-660	      1995
   1	FILTER_LEN10_188 FILTER_LEN10_188	2.6e-328	   1.7e-331	        -761.61	         0.0	     1558	       3992	       25496	      53867	  0.39028	8.7e-335	      1995
   1	FILTER_LEN10_195 FILTER_LEN10_195	1.9e-050	   1.3e-053	        -121.81	         0.0	     1612	       3992	       23567	      53871	  0.40381	6.3e-057	      1995
   1	FILTER_LEN10_196 FILTER_LEN10_196	6.9e-040	   4.6e-043	         -97.49	         0.0	     1138	       3992	       16865	      53872	  0.28507	2.3e-046	      1995
   1	FILTER_LEN10_201 FILTER_LEN10_201	4.5e-580	   3.0e-583	       -1341.32	         0.0	      940	       3992	       18003	      53873	  0.23547	1.5e-586	      1995
   1	FILTER_LEN10_204 FILTER_LEN10_204	2.2e-1025	   1.5e-1028	       -2366.66	         0.0	     1168	       3992	       23300	      53870	  0.29259	7.5e-1032	      1995
   1	FILTER_LEN10_207 FILTER_LEN10_207	3.8e-009	   2.6e-012	         -26.69	         0.0	      140	       3992	        2236	      53837	  0.03507	1.3e-015	      1995
   1	FILTER_LEN10_212 FILTER_LEN10_212	8.6e-469	   5.7e-472	       -1085.07	         0.0	     1438	       3992	       24686	      53870	  0.36022	2.9e-475	      1995
   1	FILTER_LEN10_214 FILTER_LEN10_214	1.3e-502	   9.0e-506	       -1162.91	         0.0	     1382	       3992	       24082	      53873	  0.34619	4.5e-509	      1995
   1	FILTER_LEN10_219 FILTER_LEN10_219	4.3e-031	   2.9e-034	         -77.24	         0.0	      430	       3992	        6742	      53873	  0.10772	1.4e-037	      1995
   1	FILTER_LEN10_222 FILTER_LEN10_222	5.7e-099	   3.8e-102	        -233.53	         0.0	     1654	       3992	       24823	      53872	  0.41433	1.9e-105	      1995
   1	FILTER_LEN10_226 FILTER_LEN10_226	1.9e-027	   1.3e-030	         -68.84	         0.0	     1570	       3992	       22556	      53855	  0.39329	6.4e-034	      1995
   1	FILTER_LEN10_235 FILTER_LEN10_235	3.3e-642	   2.2e-645	       -1484.38	         0.0	     1038	       3992	       19767	      53866	  0.26002	1.1e-648	      1995
   1	FILTER_LEN10_247 FILTER_LEN10_247	1.2e-292	   7.9e-296	        -679.50	         0.0	     1434	       3992	       23521	      53871	  0.35922	3.9e-299	      1995
   1	FILTER_LEN10_253 FILTER_LEN10_253	3.0e-947	   2.0e-950	       -2186.76	         0.0	     1344	       3992	       25583	      53873	  0.33667	1.0e-953	      1995
   1	FILTER_LEN10_256 FILTER_LEN10_256	1.2e-019	   8.0e-023	         -50.88	         0.0	       94	       3992	        1655	      53836	  0.02355	4.0e-026	      1995
   1	FILTER_LEN10_257 FILTER_LEN10_257	1.2e-017	   7.9e-021	         -46.29	         0.0	      390	       3992	        5970	      53867	  0.09770	3.9e-024	      1995
   1	FILTER_LEN10_266 FILTER_LEN10_266	3.6e-5436	   2.4e-5439	      -12522.90	         0.0	      936	       3992	       27282	      47586	  0.23447	1.2e-5442	      1995
   1	FILTER_LEN10_275 FILTER_LEN10_275	3.0e-1991	   2.0e-1994	       -4590.67	         0.0	     1168	       3992	       26301	      53711	  0.29259	1.0e-1997	      1995
   1	FILTER_LEN10_277 FILTER_LEN10_277	2.4e-486	   1.6e-489	       -1125.51	         0.0	     1278	       3992	       22506	      53870	  0.32014	7.9e-493	      1995
   1	FILTER_LEN10_279 FILTER_LEN10_279	1.7e-441	   1.1e-444	       -1022.22	         0.0	     1484	       3992	       25177	      53873	  0.37174	5.7e-448	      1995
   1	FILTER_LEN10_285 FILTER_LEN10_285	1.2e-778	   8.2e-782	       -1798.52	         0.0	     1020	       3992	       20093	      53863	  0.25551	4.1e-785	      1995
   1	FILTER_LEN10_310 FILTER_LEN10_310	5.1e-138	   3.4e-141	        -323.44	         0.0	      974	       3992	       15746	      53872	  0.24399	1.7e-144	      1995
   1	FILTER_LEN10_313 FILTER_LEN10_313	2.3e-009	   1.5e-012	         -27.20	         0.0	     1664	       3992	       23369	      53869	  0.41683	7.7e-016	      1995
   1	FILTER_LEN10_323 FILTER_LEN10_323	2.4e-017	   1.6e-020	         -45.57	         0.0	      644	       3992	        9555	      53869	  0.16132	8.1e-024	      1995
   1	FILTER_LEN10_333 FILTER_LEN10_333	1.8e-030	   1.2e-033	         -75.78	         0.0	     1912	       3992	       27270	      53872	  0.47896	6.1e-037	      1995
   1	FILTER_LEN10_337 FILTER_LEN10_337	2.4e-019	   1.6e-022	         -50.17	         0.0	     2224	       3992	       31215	      53873	  0.55711	8.2e-026	      1995
   1	FILTER_LEN10_354 FILTER_LEN10_354	2.3e-006	   1.5e-009	         -20.30	         0.0	     1548	       3992	       21691	      53870	  0.38778	7.6e-013	      1995
   1	FILTER_LEN10_358 FILTER_LEN10_358	3.5e-201	   2.4e-204	        -468.87	         0.0	      674	       3992	       11866	      53868	  0.16884	1.2e-207	      1995
   1	FILTER_LEN10_359 FILTER_LEN10_359	9.4e-178	   6.3e-181	        -414.93	         0.0	     1714	       3992	       26468	      53870	  0.42936	3.1e-184	      1995
   1	FILTER_LEN10_367 FILTER_LEN10_367	4.3e-260	   2.9e-263	        -604.52	         0.0	     1530	       3992	       24621	      53872	  0.38327	1.4e-266	      1995
   1	FILTER_LEN10_370 FILTER_LEN10_370	1.3e-506	   8.5e-510	       -1172.18	         0.0	     1366	       3992	       23873	      53864	  0.34218	4.3e-513	      1995
   1	FILTER_LEN10_373 FILTER_LEN10_373	2.4e-098	   1.6e-101	        -232.08	         0.0	     1376	       3992	       20986	      53870	  0.34469	8.1e-105	      1995
   1	FILTER_LEN10_376 FILTER_LEN10_376	1.6e-1603	   1.0e-1606	       -3697.91	         0.0	     1234	       3992	       26239	      53871	  0.30912	5.2e-1610	      1995
   1	FILTER_LEN10_379 FILTER_LEN10_379	4.8e-081	   3.2e-084	        -192.25	         0.0	     1236	       3992	       18828	      53873	  0.30962	1.6e-087	      1995
   1	FILTER_LEN10_380 FILTER_LEN10_380	3.7e-115	   2.5e-118	        -270.80	         0.0	      744	       3992	       12213	      53873	  0.18637	1.2e-121	      1995
   1	FILTER_LEN10_381 FILTER_LEN10_381	2.1e-015	   1.4e-018	         -41.12	         0.0	     2002	       3992	       28125	      53873	  0.50150	6.9e-022	      1995
   1	FILTER_LEN10_387 FILTER_LEN10_387	2.0e-116	   1.3e-119	        -273.74	         0.0	     1150	       3992	       18032	      53872	  0.28808	6.6e-123	      1995
   1	FILTER_LEN10_395 FILTER_LEN10_395	6.6e-841	   4.4e-844	       -1941.90	         0.0	      992	       3992	       19922	      53864	  0.24850	2.2e-847	      1995
   1	FILTER_LEN10_396 FILTER_LEN10_396	5.1e-123	   3.4e-126	        -288.90	         0.0	     1270	       3992	       19786	      53872	  0.31814	1.7e-129	      1995
   1	FILTER_LEN10_397 FILTER_LEN10_397	3.9e-012	   2.6e-015	         -33.59	         0.0	     2662	       3992	       36875	      53873	  0.66683	1.3e-018	      1995
   1	FILTER_LEN10_399 FILTER_LEN10_399	2.9e-198	   1.9e-201	        -462.17	         0.0	      814	       3992	       13893	      53733	  0.20391	9.6e-205	      1995
   1	FILTER_LEN10_401 FILTER_LEN10_401	2.8e-2977	   1.9e-2980	       -6861.07	         0.0	     1018	       3992	       26411	      53817	  0.25501	9.5e-2984	      1995
   1	FILTER_LEN10_412 FILTER_LEN10_412	2.5e-052	   1.7e-055	        -126.13	         0.0	      740	       3992	       11467	      53871	  0.18537	8.4e-059	      1995
   1	FILTER_LEN10_416 FILTER_LEN10_416	2.2e-145	   1.5e-148	        -340.38	         0.0	     1432	       3992	       22273	      53872	  0.35872	7.5e-152	      1995
   1	FILTER_LEN10_424 FILTER_LEN10_424	6.0e-039	   4.0e-042	         -95.33	         0.0	     1768	       3992	       25489	      53873	  0.44289	2.0e-045	      1995
   1	FILTER_LEN10_427 FILTER_LEN10_427	2.6e-007	   1.7e-010	         -22.47	         0.0	      534	       3992	        7795	      53872	  0.13377	8.7e-014	      1995
   1	FILTER_LEN10_437 FILTER_LEN10_437	7.5e-012	   5.0e-015	         -32.94	         0.0	       70	       3992	        1220	      53870	  0.01754	2.5e-018	      1995
   1	FILTER_LEN10_440 FILTER_LEN10_440	4.4e-012	   2.9e-015	         -33.46	         0.0	       14	       3992	         321	      53832	  0.00351	1.5e-018	      1995
   1	FILTER_LEN10_442 FILTER_LEN10_442	4.1e-263	   2.7e-266	        -611.48	         0.0	     1178	       3992	       19684	      53870	  0.29509	1.4e-269	      1995
   1	FILTER_LEN10_448 FILTER_LEN10_448	4.5e-017	   3.0e-020	         -44.96	         0.0	     1630	       3992	       23131	      53867	  0.40832	1.5e-023	      1995
   1	FILTER_LEN10_461 FILTER_LEN10_461	9.9e-135	   6.6e-138	        -315.87	         0.0	     1326	       3992	       20690	      53872	  0.33216	3.3e-141	      1995
   1	FILTER_LEN10_463 FILTER_LEN10_463	5.0e-014	   3.3e-017	         -37.94	         0.0	     1752	       3992	       24691	      53838	  0.43888	1.7e-020	      1995
   1	FILTER_LEN10_464 FILTER_LEN10_464	1.5e-1549	   1.0e-1552	       -3573.59	         0.0	     1186	       3992	       25348	      53862	  0.29709	5.1e-1556	      1995
   1	FILTER_LEN10_466 FILTER_LEN10_466	6.4e-078	   4.3e-081	        -185.06	         0.0	     1720	       3992	       25453	      53873	  0.43086	2.1e-084	      1995
   1	FILTER_LEN10_470 FILTER_LEN10_470	2.3e-078	   1.5e-081	        -186.09	         0.0	     1796	       3992	       26491	      53869	  0.44990	7.6e-085	      1995
   1	FILTER_LEN10_475 FILTER_LEN10_475	1.5e-051	   1.0e-054	        -124.32	         0.0	     1800	       3992	       26140	      53863	  0.45090	5.1e-058	      1995
   1	FILTER_LEN10_477 FILTER_LEN10_477	2.3e-1825	   1.5e-1828	       -4208.71	         0.0	     1266	       3992	       27374	      53872	  0.31713	7.6e-1832	      1995
   1	FILTER_LEN10_478 FILTER_LEN10_478	1.1e-432	   7.6e-436	       -1001.91	         0.0	     1060	       3992	       19041	      53872	  0.26553	3.8e-439	      1995
   1	FILTER_LEN10_482 FILTER_LEN10_482	1.1e-120	   7.5e-124	        -283.50	         0.0	     1606	       3992	       24417	      53873	  0.40230	3.8e-127	      1995
   1	FILTER_LEN10_486 FILTER_LEN10_486	1.2e-398	   8.0e-402	        -923.57	         0.0	     1384	       3992	       23512	      53871	  0.34669	4.0e-405	      1995
   1	FILTER_LEN10_488 FILTER_LEN10_488	5.3e-187	   3.5e-190	        -436.23	         0.0	     1104	       3992	       18038	      53872	  0.27655	1.8e-193	      1995
   1	FILTER_LEN10_502 FILTER_LEN10_502	7.2e-057	   4.8e-060	        -136.58	         0.0	     1554	       3992	       22878	      53873	  0.38928	2.4e-063	      1995
   1	FILTER_LEN10_512 FILTER_LEN10_512	1.4e-098	   9.2e-102	        -232.64	         0.0	     1336	       3992	       20434	      53871	  0.33467	4.6e-105	      1995
   1	FILTER_LEN10_523 FILTER_LEN10_523	2.3e-006	   1.5e-009	         -20.30	         0.0	        4	       3992	         114	      53871	  0.00100	7.6e-013	      1995
   1	FILTER_LEN10_525 FILTER_LEN10_525	7.7e-4928	   5.2e-4931	      -11352.41	         0.0	     1094	       3992	       27880	      45511	  0.27405	2.6e-4934	      1995
   1	FILTER_LEN10_526 FILTER_LEN10_526	2.2e-362	   1.5e-365	        -840.04	         0.0	     1172	       3992	       20261	      53873	  0.29359	7.5e-369	      1995
   1	FILTER_LEN10_538 FILTER_LEN10_538	1.0e-114	   7.0e-118	        -269.77	         0.0	     1604	       3992	       24321	      53868	  0.40180	3.5e-121	      1995
   1	FILTER_LEN10_548 FILTER_LEN10_548	7.4e-505	   5.0e-508	       -1168.11	         0.0	      790	       3992	       15351	      53872	  0.19790	2.5e-511	      1995
   1	FILTER_LEN10_555 FILTER_LEN10_555	9.6e-024	   6.4e-027	         -60.32	         0.0	     1106	       3992	       16115	      53871	  0.27705	3.2e-030	      1995
   1	FILTER_LEN10_559 FILTER_LEN10_559	7.0e-050	   4.7e-053	        -120.49	         0.0	     1990	       3992	       28686	      53872	  0.49850	2.3e-056	      1995
   1	FILTER_LEN10_564 FILTER_LEN10_564	5.4e-013	   3.6e-016	         -35.57	         0.0	        6	       3992	         174	      53873	  0.00150	1.8e-019	      1995
   1	FILTER_LEN10_566 FILTER_LEN10_566	9.9e-093	   6.6e-096	        -219.16	         0.0	     1938	       3992	       28603	      53872	  0.48547	3.3e-099	      1995
   1	FILTER_LEN10_568 FILTER_LEN10_568	2.0e-2377	   1.3e-2380	       -5479.87	         0.0	     1002	       3992	       24764	      53858	  0.25100	6.7e-2384	      1995
   1	FILTER_LEN10_569 FILTER_LEN10_569	9.6e-577	   6.4e-580	       -1333.64	         0.0	      648	       3992	       13444	      53869	  0.16232	3.2e-583	      1995
   1	FILTER_LEN10_585 FILTER_LEN10_585	6.3e-450	   4.2e-453	       -1041.64	         0.0	     1116	       3992	       19958	      53873	  0.27956	2.1e-456	      1995
   1	FILTER_LEN10_588 FILTER_LEN10_588	1.2e-1195	   8.0e-1199	       -2758.72	         0.0	     1062	       3992	       22311	      53870	  0.26603	4.0e-1202	      1995
   1	FILTER_LEN10_592 FILTER_LEN10_592	4.3e-640	   2.9e-643	       -1479.51	         0.0	     1366	       3992	       24557	      53872	  0.34218	1.4e-646	      1995
   1	FILTER_LEN10_595 FILTER_LEN10_595	2.7e-280	   1.8e-283	        -651.05	         0.0	     1046	       3992	       17903	      53873	  0.26202	9.0e-287	      1995
   1	FILTER_LEN10_602 FILTER_LEN10_602	1.4e-1061	   9.2e-1065	       -2450.04	         0.0	     1284	       3992	       25152	      53873	  0.32164	4.6e-1068	      1995
   1	FILTER_LEN10_603 FILTER_LEN10_603	1.5e-658	   9.9e-662	       -1522.02	         0.0	     1108	       3992	       20878	      53841	  0.27756	5.0e-665	      1995
   1	FILTER_LEN10_609 FILTER_LEN10_609	2.9e-006	   1.9e-009	         -20.06	         0.0	     2412	       3992	       33346	      53869	  0.60421	9.7e-013	      1995
   1	FILTER_LEN10_610 FILTER_LEN10_610	4.7e-013	   3.1e-016	         -35.70	         0.0	      916	       3992	       13243	      53870	  0.22946	1.6e-019	      1995
   1	FILTER_LEN10_613 FILTER_LEN10_613	4.6e-301	   3.1e-304	        -698.86	         0.0	     1054	       3992	       18158	      53872	  0.26403	1.5e-307	      1995
   1	FILTER_LEN10_617 FILTER_LEN10_617	4.2e-119	   2.8e-122	        -279.88	         0.0	     1034	       3992	       16418	      53871	  0.25902	1.4e-125	      1995
   1	FILTER_LEN10_625 FILTER_LEN10_625	2.2e-140	   1.5e-143	        -328.88	         0.0	      792	       3992	       13136	      53864	  0.19840	7.4e-147	      1995
   1	FILTER_LEN10_626 FILTER_LEN10_626	2.8e-025	   1.9e-028	         -63.84	         0.0	     2524	       3992	       35362	      53873	  0.63226	9.4e-032	      1995
   1	FILTER_LEN10_627 FILTER_LEN10_627	4.5e-066	   3.0e-069	        -157.79	         0.0	     1410	       3992	       21037	      53872	  0.35321	1.5e-072	      1995
   1	FILTER_LEN10_649 FILTER_LEN10_649	9.6e-784	   6.4e-787	       -1810.28	         0.0	     1016	       3992	       20056	      53872	  0.25451	3.2e-790	      1995
   1	FILTER_LEN10_655 FILTER_LEN10_655	7.6e-150	   5.1e-153	        -350.67	         0.0	     1120	       3992	       17937	      53868	  0.28056	2.6e-156	      1995
   1	FILTER_LEN10_664 FILTER_LEN10_664	4.0e-031	   2.7e-034	         -77.31	         0.0	     1434	       3992	       20780	      53869	  0.35922	1.3e-037	      1995
   1	FILTER_LEN10_671 FILTER_LEN10_671	5.9e-303	   3.9e-306	        -703.22	         0.0	     1402	       3992	       23145	      53873	  0.35120	2.0e-309	      1995
   1	FILTER_LEN10_674 FILTER_LEN10_674	9.9e-558	   6.6e-561	       -1289.87	         0.0	     1226	       3992	       22132	      53873	  0.30711	3.3e-564	      1995
   1	FILTER_LEN10_683 FILTER_LEN10_683	5.9e-267	   3.9e-270	        -620.34	         0.0	     1380	       3992	       22578	      53873	  0.34569	2.0e-273	      1995
   1	FILTER_LEN10_684 FILTER_LEN10_684	8.1e-029	   5.4e-032	         -71.99	         0.0	     2502	       3992	       35144	      53873	  0.62675	2.7e-035	      1995
   1	FILTER_LEN10_688 FILTER_LEN10_688	3.3e-837	   2.2e-840	       -1933.37	         0.0	     1498	       3992	       27122	      53407	  0.37525	1.1e-843	      1995
   1	FILTER_LEN10_697 FILTER_LEN10_697	4.6e-011	   3.1e-014	         -31.11	         0.0	     1540	       3992	       21740	      53873	  0.38577	1.6e-017	      1995
   1	FILTER_LEN10_698 FILTER_LEN10_698	3.7e-086	   2.5e-089	        -204.03	         0.0	     1808	       3992	       26760	      53873	  0.45291	1.2e-092	      1995
   1	FILTER_LEN10_699 FILTER_LEN10_699	1.1e-051	   7.6e-055	        -124.62	         0.0	     1270	       3992	       18887	      53872	  0.31814	3.8e-058	      1995
   1	FILTER_LEN10_707 FILTER_LEN10_707	1.4e-034	   9.6e-038	         -85.24	         0.0	     1086	       3992	       16050	      53873	  0.27204	4.8e-041	      1995
   1	FILTER_LEN10_714 FILTER_LEN10_714	1.4e-324	   9.3e-328	        -753.02	         0.0	     1262	       3992	       21309	      53871	  0.31613	4.6e-331	      1995
   1	FILTER_LEN10_718 FILTER_LEN10_718	4.2e-026	   2.8e-029	         -65.75	         0.0	      526	       3992	        8044	      53871	  0.13176	1.4e-032	      1995
   1	FILTER_LEN10_719 FILTER_LEN10_719	3.7e-809	   2.5e-812	       -1868.79	         0.0	     1112	       3992	       21608	      53872	  0.27856	1.2e-815	      1995
   1	FILTER_LEN10_720 FILTER_LEN10_720	1.2e-065	   7.8e-069	        -156.83	         0.0	     1438	       3992	       21418	      53873	  0.36022	3.9e-072	      1995
   1	FILTER_LEN10_725 FILTER_LEN10_725	5.4e-035	   3.6e-038	         -86.21	         0.0	      424	       3992	        6707	      53873	  0.10621	1.8e-041	      1995
   1	FILTER_LEN10_728 FILTER_LEN10_728	9.6e-073	   6.4e-076	        -173.14	         0.0	     1654	       3992	       24480	      53871	  0.41433	3.2e-079	      1995
   1	FILTER_LEN10_730 FILTER_LEN10_730	5.0e-2235	   3.3e-2238	       -5151.98	         0.0	     1026	       3992	       24790	      53858	  0.25701	1.7e-2241	      1995
   1	FILTER_LEN10_738 FILTER_LEN10_738	3.9e-031	   2.6e-034	         -77.33	         0.0	     1650	       3992	       23730	      53871	  0.41333	1.3e-037	      1995
   1	FILTER_LEN10_741 FILTER_LEN10_741	4.6e-1338	   3.0e-1341	       -3086.65	         0.0	     1124	       3992	       23714	      53805	  0.28156	1.5e-1344	      1995
   1	FILTER_LEN10_749 FILTER_LEN10_749	7.8e-941	   5.2e-944	       -2171.99	         0.0	     1200	       3992	       23451	      53872	  0.30060	2.6e-947	      1995
   1	FILTER_LEN10_750 FILTER_LEN10_750	1.0e-106	   6.7e-110	        -251.38	         0.0	     1746	       3992	       26172	      53873	  0.43737	3.4e-113	      1995
   1	FILTER_LEN10_751 FILTER_LEN10_751	1.1e-393	   7.3e-397	        -912.14	         0.0	     1348	       3992	       22971	      53869	  0.33768	3.6e-400	      1995
   1	FILTER_LEN10_753 FILTER_LEN10_753	2.5e-023	   1.6e-026	         -59.37	         0.0	     1848	       3992	       26246	      53873	  0.46293	8.2e-030	      1995
   1	FILTER_LEN10_757 FILTER_LEN10_757	8.8e-204	   5.8e-207	        -474.87	         0.0	     1478	       3992	       23447	      53871	  0.37024	2.9e-210	      1995
   1	FILTER_LEN10_765 FILTER_LEN10_765	1.3e-143	   8.7e-147	        -336.31	         0.0	     1074	       3992	       17226	      53873	  0.26904	4.4e-150	      1995
   1	FILTER_LEN10_767 FILTER_LEN10_767	4.7e-034	   3.2e-037	         -84.04	         0.0	     1506	       3992	       21824	      53872	  0.37725	1.6e-040	      1995
   1	FILTER_LEN10_774 FILTER_LEN10_774	3.5e-4302	   2.3e-4305	       -9911.79	         0.0	     1062	       3992	       29633	      53367	  0.26603	1.2e-4308	      1995
   1	FILTER_LEN10_777 FILTER_LEN10_777	2.8e-353	   1.9e-356	        -819.09	         0.0	      982	       3992	       17433	      53873	  0.24599	9.4e-360	      1995
   1	FILTER_LEN10_785 FILTER_LEN10_785	1.9e-269	   1.3e-272	        -626.07	         0.0	     1322	       3992	       21778	      53870	  0.33116	6.4e-276	      1995
   1	FILTER_LEN10_786 FILTER_LEN10_786	1.7e-017	   1.2e-020	         -45.90	         0.0	     1904	       3992	       26858	      53873	  0.47695	5.8e-024	      1995
   1	FILTER_LEN10_794 FILTER_LEN10_794	1.7e-2361	   1.2e-2364	       -5443.16	         0.0	     1190	       3992	       27650	      53815	  0.29810	5.8e-2368	      1995
   1	FILTER_LEN10_795 FILTER_LEN10_795	1.9e-686	   1.3e-689	       -1586.25	         0.0	     1592	       3992	       27967	      53873	  0.39880	6.3e-693	      1995
   1	FILTER_LEN10_801 FILTER_LEN10_801	2.2e-467	   1.4e-470	       -1081.85	         0.0	     1376	       3992	       23802	      53873	  0.34469	7.2e-474	      1995
   1	FILTER_LEN10_810 FILTER_LEN10_810	1.0e-014	   7.0e-018	         -39.50	         0.0	      962	       3992	       13921	      53873	  0.24098	3.5e-021	      1995
   1	FILTER_LEN10_815 FILTER_LEN10_815	2.0e-071	   1.3e-074	        -170.12	         0.0	     1214	       3992	       18394	      53865	  0.30411	6.6e-078	      1995
   1	FILTER_LEN10_816 FILTER_LEN10_816	4.2e-654	   2.8e-657	       -1511.78	         0.0	     1180	       3992	       21930	      53872	  0.29559	1.4e-660	      1995
   1	FILTER_LEN10_824 FILTER_LEN10_824	1.1e-2104	   7.2e-2108	       -4851.88	         0.0	     1110	       3992	       25771	      53857	  0.27806	3.6e-2111	      1995
   1	FILTER_LEN10_826 FILTER_LEN10_826	1.5e-009	   9.8e-013	         -27.65	         0.0	     2638	       3992	       36478	      53871	  0.66082	4.9e-016	      1995
   1	FILTER_LEN10_829 FILTER_LEN10_829	5.0e-867	   3.3e-870	       -2002.05	         0.0	     1398	       3992	       26025	      53856	  0.35020	1.7e-873	      1995
   1	FILTER_LEN10_830 FILTER_LEN10_830	3.9e-025	   2.6e-028	         -63.52	         0.0	     1822	       3992	       25936	      53872	  0.45641	1.3e-031	      1995
   1	FILTER_LEN10_831 FILTER_LEN10_831	2.4e-006	   1.6e-009	         -20.26	         0.0	       42	       3992	         742	      53859	  0.01052	7.9e-013	      1995
   1	FILTER_LEN10_832 FILTER_LEN10_832	1.5e-007	   9.8e-011	         -23.04	         0.0	     1500	       3992	       21081	      53869	  0.37575	4.9e-014	      1995
   1	FILTER_LEN10_839 FILTER_LEN10_839	1.5e-070	   1.0e-073	        -168.07	         0.0	     1518	       3992	       22587	      53871	  0.38026	5.1e-077	      1995
   1	FILTER_LEN10_842 FILTER_LEN10_842	1.1e-013	   7.1e-017	         -37.18	         0.0	      430	       3992	        6470	      53870	  0.10772	3.6e-020	      1995
   1	FILTER_LEN10_847 FILTER_LEN10_847	2.2e-057	   1.5e-060	        -137.77	         0.0	     1304	       3992	       19444	      53868	  0.32665	7.4e-064	      1995
   1	FILTER_LEN10_851 FILTER_LEN10_851	1.2e-252	   8.3e-256	        -587.35	         0.0	     1098	       3992	       18461	      53872	  0.27505	4.1e-259	      1995
   1	FILTER_LEN10_875 FILTER_LEN10_875	7.3e-1368	   4.8e-1371	       -3155.27	         0.0	     1038	       3992	       22515	      53871	  0.26002	2.4e-1374	      1995
   1	FILTER_LEN10_878 FILTER_LEN10_878	3.1e-1859	   2.0e-1862	       -4286.70	         0.0	     1024	       3992	       23759	      53859	  0.25651	1.0e-1865	      1995
   1	FILTER_LEN10_880 FILTER_LEN10_880	2.4e-038	   1.6e-041	         -93.95	         0.0	      820	       3992	       12398	      53871	  0.20541	7.9e-045	      1995
   1	FILTER_LEN10_881 FILTER_LEN10_881	2.0e-1983	   1.4e-1986	       -4572.63	         0.0	      978	       3992	       23222	      53429	  0.24499	6.8e-1990	      1995
   1	FILTER_LEN10_893 FILTER_LEN10_893	1.3e-026	   8.4e-030	         -66.95	         0.0	       88	       3992	        1616	      53872	  0.02204	4.2e-033	      1995
   1	FILTER_LEN10_903 FILTER_LEN10_903	1.5e-125	   9.8e-129	        -294.75	         0.0	     1572	       3992	       24001	      53867	  0.39379	4.9e-132	      1995
   1	FILTER_LEN10_915 FILTER_LEN10_915	2.8e-098	   1.8e-101	        -231.95	         0.0	      652	       3992	       10712	      53869	  0.16333	9.3e-105	      1995
   1	FILTER_LEN10_926 FILTER_LEN10_926	4.0e-433	   2.7e-436	       -1002.94	         0.0	     1082	       3992	       19353	      53828	  0.27104	1.3e-439	      1995
   1	FILTER_LEN10_931 FILTER_LEN10_931	7.3e-311	   4.9e-314	        -721.43	         0.0	     1394	       3992	       23087	      53871	  0.34920	2.4e-317	      1995
   1	FILTER_LEN10_932 FILTER_LEN10_932	1.4e-636	   9.6e-640	       -1471.39	         0.0	     1322	       3992	       23880	      53797	  0.33116	4.8e-643	      1995
   1	FILTER_LEN10_935 FILTER_LEN10_935	7.7e-045	   5.1e-048	        -108.89	         0.0	     1834	       3992	       26489	      53869	  0.45942	2.6e-051	      1995
   1	FILTER_LEN10_940 FILTER_LEN10_940	5.9e-1348	   3.9e-1351	       -3109.42	         0.0	     1106	       3992	       23490	      53855	  0.27705	2.0e-1354	      1995
   1	FILTER_LEN10_945 FILTER_LEN10_945	2.9e-1151	   1.9e-1154	       -2656.53	         0.0	      892	       3992	       19509	      53872	  0.22345	9.6e-1158	      1995
   1	FILTER_LEN10_947 FILTER_LEN10_947	2.7e-161	   1.8e-164	        -377.05	         0.0	       68	       3992	        1860	      53866	  0.01703	8.9e-168	      1995
   1	FILTER_LEN10_953 FILTER_LEN10_953	7.2e-621	   4.8e-624	       -1435.24	         0.0	     1576	       3992	       27415	      53847	  0.39479	2.4e-627	      1995
   1	FILTER_LEN10_954 FILTER_LEN10_954	6.9e-006	   4.6e-009	         -19.20	         0.0	        6	       3992	         151	      53872	  0.00150	2.3e-012	      1995
   1	FILTER_LEN10_956 FILTER_LEN10_956	1.4e-1178	   9.2e-1182	       -2719.44	         0.0	     1248	       3992	       25045	      53861	  0.31263	4.6e-1185	      1995
   1	FILTER_LEN10_967 FILTER_LEN10_967	6.6e-023	   4.4e-026	         -58.38	         0.0	     1854	       3992	       26318	      53873	  0.46443	2.2e-029	      1995
   1	FILTER_LEN10_968 FILTER_LEN10_968	1.5e-027	   1.0e-030	         -69.08	         0.0	     1782	       3992	       25448	      53873	  0.44639	5.0e-034	      1995
   1	FILTER_LEN10_983 FILTER_LEN10_983	1.4e-069	   9.4e-073	        -165.85	         0.0	     1020	       3992	       15656	      53870	  0.25551	4.7e-076	      1995
   1	FILTER_LEN10_992 FILTER_LEN10_992	1.2e-021	   8.1e-025	         -55.48	         0.0	      158	       3992	        2325	      46643	  0.03958	4.0e-028	      1995
   1	FILTER_LEN10_993 FILTER_LEN10_993	1.4e-4999	   9.6e-5003	      -11517.58	         0.0	      958	       3992	       28307	      51123	  0.23998	4.8e-5006	      1995
   1	FILTER_LEN10_996 FILTER_LEN10_996	1.2e-076	   7.9e-080	        -182.14	         0.0	     2078	       3992	       30275	      53872	  0.52054	3.9e-083	      1995
   1	FILTER_LEN10_997 FILTER_LEN10_997	1.9e-412	   1.2e-415	        -955.36	         0.0	      982	       3992	       17776	      53872	  0.24599	6.2e-419	      1995
   1	FILTER_LEN20_0  FILTER_LEN20_0	9.1e-1395	   6.1e-1398	       -3217.21	         0.0	     1152	       3982	       24365	      53800	  0.28930	3.1e-1401	      1990
   1	FILTER_LEN20_12 FILTER_LEN20_12	2.6e-065	   1.7e-068	        -156.02	         0.0	      142	       3982	        2393	      45851	  0.03566	8.8e-072	      1990
   1	FILTER_LEN20_18 FILTER_LEN20_18	1.2e-3501	   8.0e-3505	       -8068.48	         0.0	     1046	       3982	       27843	      53338	  0.26268	4.0e-3508	      1990
   1	FILTER_LEN20_22 FILTER_LEN20_22	1.7e-022	   1.1e-025	         -57.44	         0.0	     1634	       3982	       23377	      53870	  0.41035	5.7e-029	      1990
   1	FILTER_LEN20_36 FILTER_LEN20_36	1.1e-072	   7.4e-076	        -172.99	         0.0	     1570	       3982	       23385	      53872	  0.39427	3.7e-079	      1990
   1	FILTER_LEN20_47 FILTER_LEN20_47	7.1e-084	   4.7e-087	        -198.77	         0.0	     1552	       3982	       23289	      53873	  0.38975	2.4e-090	      1990
   1	FILTER_LEN20_48 FILTER_LEN20_48	3.3e-051	   2.2e-054	        -123.57	         0.0	     1520	       3982	       22374	      53871	  0.38172	1.1e-057	      1990
   1	FILTER_LEN20_51 FILTER_LEN20_51	2.2e-353	   1.5e-356	        -819.35	         0.0	     1502	       3982	       24937	      53869	  0.37720	7.3e-360	      1990
   1	FILTER_LEN20_69 FILTER_LEN20_69	2.7e-016	   1.8e-019	         -43.15	         0.0	      528	       3982	        7923	      53872	  0.13260	9.2e-023	      1990
   1	FILTER_LEN20_73 FILTER_LEN20_73	5.6e-031	   3.8e-034	         -76.96	         0.0	     1796	       3982	       25771	      53872	  0.45103	1.9e-037	      1990
   1	FILTER_LEN20_76 FILTER_LEN20_76	7.3e-269	   4.8e-272	        -624.73	         0.0	     1588	       3982	       25546	      53872	  0.39879	2.4e-275	      1990
   1	FILTER_LEN20_77 FILTER_LEN20_77	4.6e-224	   3.1e-227	        -521.56	         0.0	     1002	       3982	       16896	      53858	  0.25163	1.6e-230	      1990
   1	FILTER_LEN20_80 FILTER_LEN20_80	2.4e-029	   1.6e-032	         -73.22	         0.0	     1890	       3982	       27013	      53873	  0.47464	8.0e-036	      1990
   1	FILTER_LEN20_88 FILTER_LEN20_88	2.1e-985	   1.4e-988	       -2274.60	         0.0	     1042	       3982	       21287	      53865	  0.26168	7.2e-992	      1990
   1	FILTER_LEN20_90 FILTER_LEN20_90	7.8e-017	   5.2e-020	         -44.40	         0.0	      100	       3982	        1691	      52603	  0.02511	2.6e-023	      1990
   1	FILTER_LEN20_95 FILTER_LEN20_95	1.6e-562	   1.1e-565	       -1300.88	         0.0	     1342	       3982	       23668	      53338	  0.33702	5.4e-569	      1990
   1	FILTER_LEN20_112 FILTER_LEN20_112	2.5e-053	   1.7e-056	        -128.42	         0.0	     1976	       3982	       28620	      53870	  0.49623	8.5e-060	      1990
   1	FILTER_LEN20_114 FILTER_LEN20_114	1.9e-009	   1.3e-012	         -27.38	         0.0	     2478	       3982	       34423	      53873	  0.62230	6.4e-016	      1990
   1	FILTER_LEN20_123 FILTER_LEN20_123	3.2e-006	   2.1e-009	         -19.97	         0.0	       14	       3982	         294	      53852	  0.00352	1.1e-012	      1990
   1	FILTER_LEN20_124 FILTER_LEN20_124	6.7e-129	   4.5e-132	        -302.44	         0.0	     1210	       3982	       19048	      53873	  0.30387	2.3e-135	      1990
   1	FILTER_LEN20_135 FILTER_LEN20_135	4.4e-116	   2.9e-119	        -272.94	         0.0	     1126	       3982	       17729	      53870	  0.28277	1.5e-122	      1990
   1	FILTER_LEN20_136 FILTER_LEN20_136	3.6e-105	   2.4e-108	        -247.80	         0.0	     1496	       3982	       22775	      53863	  0.37569	1.2e-111	      1990
   1	FILTER_LEN20_149 FILTER_LEN20_149	5.2e-438	   3.5e-441	       -1014.19	         0.0	     1176	       3982	       20805	      53863	  0.29533	1.8e-444	      1990
   1	FILTER_LEN20_154 FILTER_LEN20_154	4.6e-143	   3.1e-146	        -335.06	         0.0	     1404	       3982	       18999	      46220	  0.35259	1.5e-149	      1990
   1	FILTER_LEN20_157 FILTER_LEN20_157	8.4e-141	   5.6e-144	        -329.85	         0.0	     1338	       3982	       20960	      53856	  0.33601	2.8e-147	      1990
   1	FILTER_LEN20_167 FILTER_LEN20_167	8.7e-1479	   5.8e-1482	       -3410.67	         0.0	     1262	       3982	       25948	      52961	  0.31693	2.9e-1485	      1990
   1	FILTER_LEN20_175 FILTER_LEN20_175	3.6e-065	   2.4e-068	        -155.70	         0.0	      802	       3982	       12543	      53871	  0.20141	1.2e-071	      1990
   1	FILTER_LEN20_181 FILTER_LEN20_181	1.4e-053	   9.4e-057	        -129.01	         0.0	      508	       3982	        8168	      53872	  0.12757	4.7e-060	      1990
   1	FILTER_LEN20_210 FILTER_LEN20_210	4.2e-015	   2.8e-018	         -40.42	         0.0	     1802	       3982	       25475	      53872	  0.45254	1.4e-021	      1990
   1	FILTER_LEN20_224 FILTER_LEN20_224	2.2e-1276	   1.5e-1279	       -2944.62	         0.0	     1088	       3982	       23017	      53849	  0.27323	7.4e-1283	      1990
   1	FILTER_LEN20_236 FILTER_LEN20_236	3.4e-2140	   2.3e-2143	       -4933.62	         0.0	     1090	       3982	       25579	      53812	  0.27373	1.1e-2146	      1990
   1	FILTER_LEN20_237 FILTER_LEN20_237	8.0e-597	   5.3e-600	       -1379.88	         0.0	     1124	       3982	       20816	      53696	  0.28227	2.7e-603	      1990
   1	FILTER_LEN20_245 FILTER_LEN20_245	3.8e-020	   2.5e-023	         -52.03	         0.0	     1484	       3982	       21272	      53870	  0.37268	1.3e-026	      1990
   1	FILTER_LEN20_246 FILTER_LEN20_246	1.3e-699	   8.8e-703	       -1616.54	         0.0	     1350	       3982	       24645	      53840	  0.33903	4.4e-706	      1990
   1	FILTER_LEN20_250 FILTER_LEN20_250	1.7e-023	   1.1e-026	         -59.75	         0.0	     1728	       3982	       23466	      51147	  0.43395	5.7e-030	      1990
   1	FILTER_LEN20_254 FILTER_LEN20_254	3.2e-024	   2.1e-027	         -61.41	         0.0	     1564	       3982	       22460	      53865	  0.39277	1.1e-030	      1990
   1	FILTER_LEN20_262 FILTER_LEN20_262	4.0e-055	   2.6e-058	        -132.58	         0.0	     1580	       3982	       23259	      53868	  0.39679	1.3e-061	      1990
   1	FILTER_LEN20_263 FILTER_LEN20_263	5.4e-045	   3.6e-048	        -109.25	         0.0	     1488	       3982	       21821	      53849	  0.37368	1.8e-051	      1990
   1	FILTER_LEN20_269 FILTER_LEN20_269	1.4e-388	   9.5e-392	        -900.36	         0.0	      954	       3982	       17196	      53639	  0.23958	4.8e-395	      1990
   1	FILTER_LEN20_284 FILTER_LEN20_284	4.7e-203	   3.2e-206	        -473.18	         0.0	     1070	       3982	       17720	      53870	  0.26871	1.6e-209	      1990
   1	FILTER_LEN20_291 FILTER_LEN20_291	1.2e-1276	   7.9e-1280	       -2945.25	         0.0	     1366	       3982	       27157	      53843	  0.34304	4.0e-1283	      1990
   1	FILTER_LEN20_292 FILTER_LEN20_292	5.4e-074	   3.6e-077	        -176.03	         0.0	     1566	       3982	       23347	      53870	  0.39327	1.8e-080	      1990
   1	FILTER_LEN20_294 FILTER_LEN20_294	2.5e-1167	   1.7e-1170	       -2693.49	         0.0	     1354	       3982	       26598	      53844	  0.34003	8.5e-1174	      1990
   1	FILTER_LEN20_298 FILTER_LEN20_298	7.2e-007	   4.8e-010	         -21.46	         0.0	     1434	       3982	       20206	      53865	  0.36012	2.4e-013	      1990
   1	FILTER_LEN20_299 FILTER_LEN20_299	4.4e-150	   2.9e-153	        -351.22	         0.0	     1318	       3982	       20767	      53844	  0.33099	1.5e-156	      1990
   1	FILTER_LEN20_306 FILTER_LEN20_306	4.9e-1914	   3.3e-1917	       -4412.87	         0.0	     1206	       3982	       26638	      53535	  0.30286	1.7e-1920	      1990
   1	FILTER_LEN20_307 FILTER_LEN20_307	5.7e-145	   3.8e-148	        -339.44	         0.0	     1484	       3982	       23038	      53863	  0.37268	1.9e-151	      1990
   1	FILTER_LEN20_310 FILTER_LEN20_310	1.4e-1883	   9.2e-1887	       -4342.75	         0.0	     1096	       3982	       24910	      53626	  0.27524	4.6e-1890	      1990
   1	FILTER_LEN20_322 FILTER_LEN20_322	1.2e-415	   8.2e-419	        -962.68	         0.0	     1172	       3982	       20273	      52840	  0.29432	4.1e-422	      1990
   1	FILTER_LEN20_325 FILTER_LEN20_325	3.7e-052	   2.5e-055	        -125.74	         0.0	     1698	       3982	       24826	      53872	  0.42642	1.2e-058	      1990
   1	FILTER_LEN20_327 FILTER_LEN20_327	5.3e-507	   3.5e-510	       -1173.06	         0.0	     1344	       3982	       23613	      53872	  0.33752	1.8e-513	      1990
   1	FILTER_LEN20_330 FILTER_LEN20_330	2.7e-167	   1.8e-170	        -390.86	         0.0	     1342	       3982	       21268	      53850	  0.33702	9.0e-174	      1990
   1	FILTER_LEN20_332 FILTER_LEN20_332	1.2e-1418	   8.3e-1422	       -3272.16	         0.0	     1074	       3982	       23241	      53773	  0.26971	4.2e-1425	      1990
   1	FILTER_LEN20_340 FILTER_LEN20_340	2.1e-018	   1.4e-021	         -48.00	         0.0	     2202	       3982	       30970	      53872	  0.55299	7.1e-025	      1990
   1	FILTER_LEN20_346 FILTER_LEN20_346	5.5e-324	   3.6e-327	        -751.65	         0.0	     1526	       3982	       25062	      53835	  0.38322	1.8e-330	      1990
   1	FILTER_LEN20_353 FILTER_LEN20_353	1.7e-107	   1.1e-110	        -253.16	         0.0	     1666	       3982	       25146	      53873	  0.41838	5.7e-114	      1990
   1	FILTER_LEN20_359 FILTER_LEN20_359	1.7e-1078	   1.1e-1081	       -2488.97	         0.0	     1388	       3982	       26775	      53872	  0.34857	5.7e-1085	      1990
   1	FILTER_LEN20_360 FILTER_LEN20_360	1.4e-124	   9.6e-128	        -292.47	         0.0	     1124	       3982	       17443	      52740	  0.28227	4.8e-131	      1990
   1	FILTER_LEN20_366 FILTER_LEN20_366	9.9e-076	   6.6e-079	        -180.02	         0.0	     1382	       3982	       20833	      53873	  0.34706	3.3e-082	      1990
   1	FILTER_LEN20_368 FILTER_LEN20_368	3.6e-395	   2.4e-398	        -915.54	         0.0	     1446	       3982	       24411	      53858	  0.36313	1.2e-401	      1990
   1	FILTER_LEN20_370 FILTER_LEN20_370	3.1e-088	   2.1e-091	        -208.79	         0.0	     1106	       3982	       17124	      53831	  0.27775	1.1e-094	      1990
   1	FILTER_LEN20_371 FILTER_LEN20_371	1.5e-029	   9.8e-033	         -73.70	         0.0	     1272	       3982	       18568	      53869	  0.31944	4.9e-036	      1990
   1	FILTER_LEN20_376 FILTER_LEN20_376	1.5e-013	   9.9e-017	         -36.85	         0.0	     1636	       3982	       23163	      53846	  0.41085	5.0e-020	      1990
   1	FILTER_LEN20_379 FILTER_LEN20_379	3.0e-022	   2.0e-025	         -56.88	         0.0	     2318	       3982	       32619	      53866	  0.58212	1.0e-028	      1990
   1	FILTER_LEN20_386 FILTER_LEN20_386	9.8e-754	   6.5e-757	       -1741.18	         0.0	     1388	       3982	       25427	      53817	  0.34857	3.3e-760	      1990
   1	FILTER_LEN20_387 FILTER_LEN20_387	5.1e-1126	   3.4e-1129	       -2598.40	         0.0	     1292	       3982	       25012	      52509	  0.32446	1.7e-1132	      1990
   1	FILTER_LEN20_392 FILTER_LEN20_392	5.7e-5890	   3.8e-5893	      -13567.81	         0.0	     1010	       3982	       31119	      52324	  0.25364	1.9e-5896	      1990
   1	FILTER_LEN20_398 FILTER_LEN20_398	2.3e-210	   1.5e-213	        -490.04	         0.0	     1372	       3982	       22058	      53834	  0.34455	7.6e-217	      1990
   1	FILTER_LEN20_430 FILTER_LEN20_430	5.0e-455	   3.3e-458	       -1053.38	         0.0	     1080	       3982	       19498	      53873	  0.27122	1.7e-461	      1990
   1	FILTER_LEN20_433 FILTER_LEN20_433	2.3e-199	   1.5e-202	        -464.70	         0.0	      806	       3982	       13611	      52850	  0.20241	7.7e-206	      1990
   1	FILTER_LEN20_436 FILTER_LEN20_436	7.6e-087	   5.1e-090	        -205.61	         0.0	     1560	       3982	       23437	      53871	  0.39176	2.5e-093	      1990
   1	FILTER_LEN20_444 FILTER_LEN20_444	9.0e-014	   6.0e-017	         -37.35	         0.0	        4	       3982	         133	      52990	  0.00100	3.0e-020	      1990
   1	FILTER_LEN20_461 FILTER_LEN20_461	1.2e-970	   8.0e-974	       -2240.63	         0.0	     1262	       3982	       24473	      53730	  0.31693	4.0e-977	      1990
   1	FILTER_LEN20_463 FILTER_LEN20_463	4.4e-5248	   3.0e-5251	      -12089.79	         0.0	      970	       3982	       29192	      51727	  0.24360	1.5e-5254	      1990
   1	FILTER_LEN20_464 FILTER_LEN20_464	9.0e-021	   6.0e-024	         -53.47	         0.0	     1864	       3982	       26464	      53872	  0.46811	3.0e-027	      1990
   1	FILTER_LEN20_467 FILTER_LEN20_467	2.4e-667	   1.6e-670	       -1542.24	         0.0	      970	       3982	       18833	      53665	  0.24360	8.2e-674	      1990
   1	FILTER_LEN20_471 FILTER_LEN20_471	5.9e-408	   3.9e-411	        -945.00	         0.0	     1218	       3982	       21230	      53835	  0.30588	2.0e-414	      1990
   1	FILTER_LEN20_475 FILTER_LEN20_475	9.3e-085	   6.2e-088	        -200.80	         0.0	     1398	       3982	       21173	      53873	  0.35108	3.1e-091	      1990
   1	FILTER_LEN20_489 FILTER_LEN20_489	5.0e-162	   3.4e-165	        -378.71	         0.0	     1174	       3982	       18857	      53870	  0.29483	1.7e-168	      1990
##
# Detailed descriptions of columns in this file:
#
# db:	The name of the database (file name) that contains the motif.
# id:	A name for the motif that is unique in the motif database file.
# alt:	An alternate name of the motif that may be provided 
#	in the motif database file.
# E-value:	The expected number motifs that would have least one 
#	region as enriched for best matches to the motif as the reported region.
#	The E-value is the p-value multiplied by the number of motifs in the
#	input database(s).
# adj_p-value:	The probability that any tested region would be as enriched for
#	best matches to this motif as the reported region is.
#	By default the p-value is calculated by using the one-tailed binomial
#	test on the number of sequences with a match to the motif 
#	that have their best match in the reported region, corrected for
#	the number of regions and score thresholds tested.
#	The test assumes that the probability that the best match in a sequence
#	falls in the region is the region width divided by the
#	number of places a motif
#	can align in the sequence (sequence length minus motif width plus 1).
#	When CentriMo is run in discriminative mode with a negative
#	set of sequences, the p-value of a region is calculated
#	using the Fisher exact test on the 
#	enrichment of best matches in the positive sequences relative
#	to the negative sequences, corrected
#	for the number of regions and score thresholds tested.
#	The test assumes that the probability that the best match (if any)
#	falls into a given region
#	is the same for all positive and negative sequences.
# log_adj_p-value:	Log of adjusted p-value.
# bin_location:	Location of the center of the most enriched region.
# bin_width:	The width (in sequence positions) of the most enriched region.
#	A best match to the motif is counted as being in the region if the
#	center of the motif falls in the region.
# total_width:	The window maximal size which can be reached for this motif:
#		rounded(sequence length - motif length +1)/2
# sites_in_bin:	The number of (positive) sequences whose best match to the motif
#	falls in the reported region.
#	Note: This number may be less than the number of
#	(positive) sequences that have a best match in the region.
#	The reason for this is that a sequence may have many matches that score
#	equally best.
#	If n matches have the best score in a sequence, 1/n is added to the
#	appropriate bin for each match.
# total_sites:	The number of sequences containing a match to the motif
#	above the score threshold.
# p_success:	The probability of falling in the enriched window:
#		bin width / total width
# p-value:	The uncorrected p-value before it gets adjusted to the
#	number of multiple tests to give the adjusted p-value.
# mult_tests:	This is the number of multiple tests (n) done for this motif.
#	It was used to correct the original p-value of a region for
#	multiple tests using the formula:
#		p' = 1 - (1-p)^n where p is the uncorrected p-value.
#	The number of multiple tests is the number of regions
#	considered times the number of score thresholds considered.
#	It depends on the motif length, sequence length, and the type of
#	optimizations being done (central enrichment, local enrichment,
#	score optimization).
